car -1 -1 0.0000 387.6300 181.5400 423.8100 203.1200 4.2703 1.9162 1.7009 -18.6703 -4.4198 0.2976 -0.0292 0.9240
car -1 -1 0.0000 387.6300 181.5400 423.8100 203.1200 4.2481 1.7968 1.4334 -26.2361 -8.7046 0.2243 -0.0205 0.8959
car -1 -1 0.0000 387.6300 181.5400 423.8100 203.1200 4.2305 1.7717 1.4945 -36.5167 -1.8119 0.1367 0.0890 0.6882
car -1 -1 0.0000 387.6300 181.5400 423.8100 203.1200 4.3615 1.8067 1.5409 -61.7611 3.4308 0.0236 0.0932 0.6868
car -1 -1 0.0000 387.6300 181.5400 423.8100 203.1200 4.2336 1.8116 1.5432 -54.0758 38.2093 -1.6799 -3.1112 0.6003
car -1 -1 0.0000 387.6300 181.5400 423.8100 203.1200 4.1983 1.7967 1.5265 8.4697 21.7291 -0.1187 -3.1735 0.2490
car -1 -1 0.0000 387.6300 181.5400 423.8100 203.1200 4.2801 1.8482 1.4941 -40.3766 49.2163 -1.9253 -2.2807 0.1501
car -1 -1 0.0000 387.6300 181.5400 423.8100 203.1200 4.3573 1.8797 1.5242 25.0995 61.0751 -0.9175 -3.2024 0.1195
car -1 -1 0.0000 387.6300 181.5400 423.8100 203.1200 4.2931 1.8306 1.5702 48.6679 -64.4736 1.8450 1.4042 0.1167
car -1 -1 0.0000 387.6300 181.5400 423.8100 203.1200 4.4080 1.8185 1.5790 69.3826 23.8021 -0.2023 -0.0416 0.1152
car -1 -1 0.0000 387.6300 181.5400 423.8100 203.1200 4.2393 1.7721 1.5135 -40.4674 51.8313 -1.2018 -3.2004 0.1125
truck -1 -1 0.0000 387.6300 181.5400 423.8100 203.1200 8.3145 2.6369 3.2679 -48.2864 -2.2709 1.1466 0.1180 0.6596
emergencyvehicle -1 -1 0.0000 387.6300 181.5400 423.8100 203.1200 10.7865 2.6992 3.0650 37.9978 -70.9741 2.3388 -1.6765 0.1262
truck -1 -1 0.0000 387.6300 181.5400 423.8100 203.1200 8.5523 2.5130 2.6476 -24.4013 4.5368 0.8405 0.0706 0.1080
truck -1 -1 0.0000 387.6300 181.5400 423.8100 203.1200 6.4456 2.1769 2.2055 37.3218 -77.9272 1.7030 -1.8066 0.1005
van1 -1 -1 0.0000 387.6300 181.5400 423.8100 203.1200 4.9559 2.0616 2.3091 -11.5103 3.4342 0.5600 -0.0172 0.9143
van1 -1 -1 0.0000 387.6300 181.5400 423.8100 203.1200 4.5314 1.9039 1.7639 69.3405 23.8461 -0.4184 -3.1819 0.1769
trailer -1 -1 0.0000 387.6300 181.5400 423.8100 203.1200 11.6705 2.8700 3.2378 -25.8741 4.4920 1.0903 0.0389 0.2973
bus -1 -1 0.0000 387.6300 181.5400 423.8100 203.1200 6.5085 2.3900 2.4406 -38.8203 -25.2313 0.1928 1.4576 0.1115
barrier -1 -1 0.0000 387.6300 181.5400 423.8100 203.1200 0.6204 0.6940 0.9807 36.1166 -13.0995 0.1381 -0.0305 0.8639
barrier -1 -1 0.0000 387.6300 181.5400 423.8100 203.1200 0.4959 0.5412 0.8834 67.0386 -13.0279 -0.1532 -1.4057 0.1242
barrier -1 -1 0.0000 387.6300 181.5400 423.8100 203.1200 0.4948 0.5011 0.8107 50.3530 -21.7863 0.1273 1.3184 0.1102
motorbike -1 -1 0.0000 387.6300 181.5400 423.8100 203.1200 1.8397 0.6882 1.1723 -47.4443 -25.2874 0.5343 0.1276 0.7981
motorbike -1 -1 0.0000 387.6300 181.5400 423.8100 203.1200 1.8909 0.8085 0.9704 42.1542 -65.9664 1.4604 1.2766 0.2686
motorbike -1 -1 0.0000 387.6300 181.5400 423.8100 203.1200 1.8087 0.7470 1.0190 26.1022 13.1368 0.0914 -2.4853 0.2526
tricycle -1 -1 0.0000 387.6300 181.5400 423.8100 203.1200 2.7146 0.9463 1.2296 13.8886 14.4979 0.0434 -3.1158 0.2413
motorbike -1 -1 0.0000 387.6300 181.5400 423.8100 203.1200 1.7605 0.7068 0.9151 42.2964 13.7968 0.1743 -3.0781 0.1938
motorbike -1 -1 0.0000 387.6300 181.5400 423.8100 203.1200 1.6322 0.6030 1.0198 48.9217 14.1301 0.1906 -1.7219 0.1912
motorbike -1 -1 0.0000 387.6300 181.5400 423.8100 203.1200 2.3082 0.9332 1.3778 -37.9602 -23.6475 0.5359 -1.1780 0.1842
tricycle -1 -1 0.0000 387.6300 181.5400 423.8100 203.1200 2.9980 1.2872 1.4555 5.8414 14.7225 0.2923 -3.0213 0.1799
tricycle -1 -1 0.0000 387.6300 181.5400 423.8100 203.1200 2.2987 1.0168 1.2488 62.0470 5.4573 0.6125 -3.2506 0.1407
motorbike -1 -1 0.0000 387.6300 181.5400 423.8100 203.1200 1.6035 0.5170 1.0342 36.6832 -21.1620 0.1934 1.5392 0.1189
tricycle -1 -1 0.0000 387.6300 181.5400 423.8100 203.1200 3.0060 1.1826 1.5014 8.3977 21.4105 -0.1800 -3.1620 0.1058
motorbike -1 -1 0.0000 387.6300 181.5400 423.8100 203.1200 1.6689 0.5292 1.0102 -2.5376 15.5273 -0.3982 -1.1846 0.1039
motorbike -1 -1 0.0000 387.6300 181.5400 423.8100 203.1200 1.8899 0.8197 1.2060 51.6878 -4.3054 0.2370 -0.0703 0.1027
motorbike -1 -1 0.0000 387.6300 181.5400 423.8100 203.1200 1.6555 0.5547 1.0529 50.2933 -21.9567 0.0513 1.3798 0.1003
trafficcone -1 -1 0.0000 387.6300 181.5400 423.8100 203.1200 0.2023 0.1902 0.7661 -42.8482 -19.1152 -0.0801 -3.1452 0.8785
trafficcone -1 -1 0.0000 387.6300 181.5400 423.8100 203.1200 0.2404 0.2408 0.7621 44.4185 -13.0574 0.0235 -3.1391 0.8721
trafficcone -1 -1 0.0000 387.6300 181.5400 423.8100 203.1200 0.2278 0.2359 0.7615 42.7787 -13.8686 0.0323 -3.1473 0.8674
trafficcone -1 -1 0.0000 387.6300 181.5400 423.8100 203.1200 0.2855 0.2926 0.8075 48.3895 -14.0028 0.0381 -3.1202 0.8511
trafficcone -1 -1 0.0000 387.6300 181.5400 423.8100 203.1200 0.1949 0.1986 0.7498 39.5040 -3.7214 -0.0926 -3.1613 0.8495
trafficcone -1 -1 0.0000 387.6300 181.5400 423.8100 203.1200 0.2292 0.2275 0.7740 38.9634 -13.2761 0.0280 -3.1515 0.8495
trafficcone -1 -1 0.0000 387.6300 181.5400 423.8100 203.1200 0.2334 0.2364 0.7641 42.7672 -13.1478 0.0241 -3.1431 0.8380
trafficcone -1 -1 0.0000 387.6300 181.5400 423.8100 203.1200 0.1912 0.1947 0.7548 39.5073 -2.9275 -0.1165 -3.1694 0.8290
trafficcone -1 -1 0.0000 387.6300 181.5400 423.8100 203.1200 0.2382 0.2442 0.7693 44.4896 -13.8785 0.0307 -3.1423 0.8207
trafficcone -1 -1 0.0000 387.6300 181.5400 423.8100 203.1200 0.2293 0.2306 0.7665 41.1103 -13.1165 0.0205 -3.1637 0.8155
trafficcone -1 -1 0.0000 387.6300 181.5400 423.8100 203.1200 0.2831 0.2870 0.7979 48.5245 -13.0550 0.0223 -3.1160 0.8049
trafficcone -1 -1 0.0000 387.6300 181.5400 423.8100 203.1200 0.2019 0.2106 0.7623 37.3037 -13.2168 0.0319 -0.0700 0.8038
trafficcone -1 -1 0.0000 387.6300 181.5400 423.8100 203.1200 0.2554 0.2641 0.7854 46.3094 -13.9704 0.0364 -3.1257 0.8017
trafficcone -1 -1 0.0000 387.6300 181.5400 423.8100 203.1200 0.1968 0.1993 0.7408 41.2533 -2.9754 -0.0749 -3.1768 0.7947
trafficcone -1 -1 0.0000 387.6300 181.5400 423.8100 203.1200 0.2800 0.2776 0.8246 50.6012 -13.1174 0.0466 -3.1439 0.7754
trafficcone -1 -1 0.0000 387.6300 181.5400 423.8100 203.1200 0.2277 0.2319 0.7784 41.0483 -13.7203 0.0345 -3.1662 0.7536
trafficcone -1 -1 0.0000 387.6300 181.5400 423.8100 203.1200 0.2336 0.2342 0.7674 43.6513 -4.1669 -0.0033 -3.1727 0.7374
trafficcone -1 -1 0.0000 387.6300 181.5400 423.8100 203.1200 0.2491 0.2463 0.7711 45.9453 -13.0214 0.0327 -3.1223 0.7209
trafficcone -1 -1 0.0000 387.6300 181.5400 423.8100 203.1200 0.2203 0.2138 0.7696 37.9102 -13.2798 0.0015 -3.0803 0.7126
trafficcone -1 -1 0.0000 387.6300 181.5400 423.8100 203.1200 0.2200 0.2204 0.7535 42.8669 -2.9879 -0.0762 -3.1824 0.6982
trafficcone -1 -1 0.0000 387.6300 181.5400 423.8100 203.1200 0.2046 0.1977 0.7630 38.1327 -3.3415 -0.1522 -3.1400 0.6877
trafficcone -1 -1 0.0000 387.6300 181.5400 423.8100 203.1200 0.2279 0.2242 0.7641 40.5229 -13.1089 0.0191 -3.1610 0.6856
trafficcone -1 -1 0.0000 387.6300 181.5400 423.8100 203.1200 0.2314 0.2279 0.7635 39.4816 -13.1202 0.0326 -3.1810 0.6715
trafficcone -1 -1 0.0000 387.6300 181.5400 423.8100 203.1200 0.2373 0.2406 0.7557 44.6863 -2.9654 -0.0898 -3.1876 0.6518
trafficcone -1 -1 0.0000 387.6300 181.5400 423.8100 203.1200 0.2082 0.2052 0.7341 41.2071 -3.6962 -0.0479 -3.1751 0.6411
trafficcone -1 -1 0.0000 387.6300 181.5400 423.8100 203.1200 0.2721 0.2737 0.7916 47.5993 -13.0258 0.0218 -3.1089 0.6410
trafficcone -1 -1 0.0000 387.6300 181.5400 423.8100 203.1200 0.2631 0.2505 0.7876 51.0108 -3.1356 -0.0240 -3.1542 0.6357
trafficcone -1 -1 0.0000 387.6300 181.5400 423.8100 203.1200 0.2296 0.2326 0.7518 43.3863 -2.9642 -0.0944 -3.1836 0.6181
trafficcone -1 -1 0.0000 387.6300 181.5400 423.8100 203.1200 0.2151 0.2125 0.7401 41.8964 -3.8277 -0.0288 -3.1711 0.6175
trafficcone -1 -1 0.0000 387.6300 181.5400 423.8100 203.1200 0.2694 0.2696 0.8080 50.2166 -13.0569 0.0167 -3.1403 0.6162
trafficcone -1 -1 0.0000 387.6300 181.5400 423.8100 203.1200 0.2392 0.2449 0.7532 44.8527 -2.9647 -0.0863 -3.1791 0.6123
trafficcone -1 -1 0.0000 387.6300 181.5400 423.8100 203.1200 0.2159 0.2127 0.7601 41.9142 -4.0647 0.0112 -3.1761 0.6056
trafficcone -1 -1 0.0000 387.6300 181.5400 423.8100 203.1200 0.2609 0.2632 0.7766 46.5659 -4.3922 -0.0028 -3.1628 0.5877
trafficcone -1 -1 0.0000 387.6300 181.5400 423.8100 203.1200 0.2356 0.2298 0.7576 42.0389 -13.0830 0.0121 -3.1536 0.5818
trafficcone -1 -1 0.0000 387.6300 181.5400 423.8100 203.1200 0.2554 0.2578 0.7582 46.6577 -3.0802 -0.0642 -3.1824 0.5809
trafficcone -1 -1 0.0000 387.6300 181.5400 423.8100 203.1200 0.2736 0.2723 0.7849 48.3566 -4.5399 -0.0298 -3.1686 0.5800
trafficcone -1 -1 0.0000 387.6300 181.5400 423.8100 203.1200 0.2076 0.2073 0.7418 41.9144 -2.9738 -0.0724 -3.1824 0.5789
trafficcone -1 -1 0.0000 387.6300 181.5400 423.8100 203.1200 0.2528 0.2492 0.7790 44.9966 -13.9259 0.0226 -3.1423 0.5782
trafficcone -1 -1 0.0000 387.6300 181.5400 423.8100 203.1200 0.2580 0.2589 0.7602 48.4241 -3.1115 -0.1040 -3.1803 0.5755
trafficcone -1 -1 0.0000 387.6300 181.5400 423.8100 203.1200 0.2557 0.2435 0.7674 45.1237 -13.1205 0.0242 -3.1515 0.5721
trafficcone -1 -1 0.0000 387.6300 181.5400 423.8100 203.1200 0.1994 0.1953 0.7568 38.7650 -2.9954 -0.1493 -3.1590 0.5481
trafficcone -1 -1 0.0000 387.6300 181.5400 423.8100 203.1200 0.2005 0.1872 0.7376 37.1846 -3.2854 -0.1612 -3.1237 0.5344
trafficcone -1 -1 0.0000 387.6300 181.5400 423.8100 203.1200 0.2319 0.2326 0.7852 38.9257 -13.6351 0.0413 -3.1472 0.5320
trafficcone -1 -1 0.0000 387.6300 181.5400 423.8100 203.1200 0.2046 0.1964 0.7685 38.1806 -3.1424 -0.1621 -3.1574 0.5257
trafficcone -1 -1 0.0000 387.6300 181.5400 423.8100 203.1200 0.2883 0.2639 0.8164 50.6160 -4.3964 0.0119 -3.2133 0.5115
trafficcone -1 -1 0.0000 387.6300 181.5400 423.8100 203.1200 0.2283 0.2272 0.7821 40.5759 -13.6891 0.0297 -3.1760 0.5090
trafficcone -1 -1 0.0000 387.6300 181.5400 423.8100 203.1200 0.2675 0.2476 0.7937 50.9309 -3.3056 -0.0176 -3.1775 0.5089
trafficcone -1 -1 0.0000 387.6300 181.5400 423.8100 203.1200 0.2050 0.2012 0.7365 40.4020 -3.8054 -0.0675 -3.1748 0.5078
trafficcone -1 -1 0.0000 387.6300 181.5400 423.8100 203.1200 0.2899 0.2875 0.8359 50.6270 -13.8303 0.0784 -3.1766 0.4950
trafficcone -1 -1 0.0000 387.6300 181.5400 423.8100 203.1200 0.2650 0.2614 0.7666 46.6444 -3.3756 -0.0482 -3.1727 0.4896
trafficcone -1 -1 0.0000 387.6300 181.5400 423.8100 203.1200 0.2310 0.2233 0.7458 42.7383 -3.5841 -0.0410 -3.1693 0.4841
trafficcone -1 -1 0.0000 387.6300 181.5400 423.8100 203.1200 0.2386 0.2351 0.7515 43.4838 -3.7174 -0.0538 -3.1574 0.4795
trafficcone -1 -1 0.0000 387.6300 181.5400 423.8100 203.1200 0.2035 0.1970 0.7480 38.7795 -3.5886 -0.1333 -3.1602 0.4733
trafficcone -1 -1 0.0000 387.6300 181.5400 423.8100 203.1200 0.2560 0.2516 0.7623 46.2501 -4.3893 -0.0056 -3.1786 0.4572
trafficcone -1 -1 0.0000 387.6300 181.5400 423.8100 203.1200 0.2518 0.2482 0.7530 45.0034 -3.4159 -0.0488 -3.1663 0.4247
trafficcone -1 -1 0.0000 387.6300 181.5400 423.8100 203.1200 0.2484 0.2457 0.7593 44.1671 -4.2152 -0.0254 -3.1725 0.4227
trafficcone -1 -1 0.0000 387.6300 181.5400 423.8100 203.1200 0.2467 0.2393 0.7605 43.5846 -13.1259 0.0099 -3.1503 0.4210
trafficcone -1 -1 0.0000 387.6300 181.5400 423.8100 203.1200 0.2395 0.2374 0.7582 43.5654 -13.8892 0.0204 -3.1516 0.4134
trafficcone -1 -1 0.0000 387.6300 181.5400 423.8100 203.1200 0.2729 0.2756 0.8074 50.2388 -13.8668 0.0381 -3.1857 0.4117
trafficcone -1 -1 0.0000 387.6300 181.5400 423.8100 203.1200 0.2478 0.2449 0.7507 44.4880 -3.5220 -0.0627 -3.1880 0.4061
trafficcone -1 -1 0.0000 387.6300 181.5400 423.8100 203.1200 0.2306 0.2298 0.7759 39.4734 -13.6633 0.0335 -3.1742 0.4053
trafficcone -1 -1 0.0000 387.6300 181.5400 423.8100 203.1200 0.2003 0.1963 0.7376 40.4389 -2.9213 -0.1010 -3.1863 0.4045
trafficcone -1 -1 0.0000 387.6300 181.5400 423.8100 203.1200 0.2356 0.2324 0.7626 42.0879 -13.8268 0.0200 -3.1571 0.3985
trafficcone -1 -1 0.0000 387.6300 181.5400 423.8100 203.1200 0.2775 0.2824 0.8123 47.7310 -14.0119 0.0269 -3.1263 0.3850
trafficcone -1 -1 0.0000 387.6300 181.5400 423.8100 203.1200 0.2638 0.2548 0.7815 49.9590 -3.0613 -0.0647 -3.1813 0.3744
trafficcone -1 -1 0.0000 387.6300 181.5400 423.8100 203.1200 0.2027 0.1918 0.7839 -42.1132 -19.1168 -0.0314 -3.1273 0.3736
trafficcone -1 -1 0.0000 387.6300 181.5400 423.8100 203.1200 0.2610 0.2360 0.7519 37.4977 10.7150 0.1985 -0.0153 0.3602
trafficcone -1 -1 0.0000 387.6300 181.5400 423.8100 203.1200 0.2784 0.2801 0.7960 49.0293 -13.0239 0.0215 -3.1484 0.3539
trafficcone -1 -1 0.0000 387.6300 181.5400 423.8100 203.1200 0.2138 0.2074 0.7528 41.3269 -4.0608 -0.0195 -3.1701 0.3468
trafficcone -1 -1 0.0000 387.6300 181.5400 423.8100 203.1200 0.2668 0.2432 0.7950 51.4044 -3.4601 0.0891 -3.1627 0.3459
trafficcone -1 -1 0.0000 387.6300 181.5400 423.8100 203.1200 0.2577 0.2495 0.7604 46.1819 -3.5305 -0.0446 -3.1814 0.3448
trafficcone -1 -1 0.0000 387.6300 181.5400 423.8100 203.1200 0.2517 0.2522 0.7628 45.2092 -4.2858 -0.0308 -3.1643 0.3409
trafficcone -1 -1 0.0000 387.6300 181.5400 423.8100 203.1200 0.2343 0.2256 0.7660 42.7459 -4.1367 -0.0162 -3.1713 0.3289
trafficcone -1 -1 0.0000 387.6300 181.5400 423.8100 203.1200 0.3039 0.2691 0.8576 51.7506 -4.2817 0.1734 -3.2054 0.3251
trafficcone -1 -1 0.0000 387.6300 181.5400 423.8100 203.1200 0.2496 0.2472 0.7566 46.2116 -2.9993 -0.0787 -3.1773 0.3233
trafficcone -1 -1 0.0000 387.6300 181.5400 423.8100 203.1200 0.3048 0.2933 0.8607 51.5036 -13.7964 0.2001 -3.1672 0.3096
trafficcone -1 -1 0.0000 387.6300 181.5400 423.8100 203.1200 0.2699 0.2613 0.7796 46.7995 -13.1574 0.0191 -3.1399 0.3024
trafficcone -1 -1 0.0000 387.6300 181.5400 423.8100 203.1200 0.2888 0.2700 0.7960 50.3247 -4.5057 -0.0176 -3.1783 0.2918
trafficcone -1 -1 0.0000 387.6300 181.5400 423.8100 203.1200 0.2825 0.2743 0.7952 47.7202 -4.4625 -0.0401 -3.1733 0.2872
trafficcone -1 -1 0.0000 387.6300 181.5400 423.8100 203.1200 0.2623 0.2434 0.7955 51.2079 -3.1203 0.0398 -3.1597 0.2717
trafficcone -1 -1 0.0000 387.6300 181.5400 423.8100 203.1200 0.2765 0.2596 0.7844 50.1066 -3.3226 -0.0465 -3.1668 0.2664
trafficcone -1 -1 0.0000 387.6300 181.5400 423.8100 203.1200 0.2270 0.2193 0.7493 -46.7959 -19.0863 -0.0191 -3.1486 0.2653
trafficcone -1 -1 0.0000 387.6300 181.5400 423.8100 203.1200 0.2541 0.2566 0.7753 45.8971 -12.7921 0.0518 -3.1498 0.2550
