car -1 -1 0.0000 387.6300 181.5400 423.8100 203.1200 4.2725 1.9335 1.6808 -18.1582 -4.3036 0.2981 -0.0210 0.9175
car -1 -1 0.0000 387.6300 181.5400 423.8100 203.1200 4.2012 1.7899 1.4141 -25.7024 -8.5447 0.2056 -0.0214 0.8898
car -1 -1 0.0000 387.6300 181.5400 423.8100 203.1200 4.2569 1.7963 1.5283 -60.6189 3.6318 -0.0212 0.0158 0.6475
car -1 -1 0.0000 387.6300 181.5400 423.8100 203.1200 4.3211 1.7913 1.5321 -36.0946 -1.2556 0.1030 0.0786 0.5770
car -1 -1 0.0000 387.6300 181.5400 423.8100 203.1200 4.2973 1.7883 1.5259 -35.7406 -2.5897 0.1244 0.2851 0.3963
car -1 -1 0.0000 387.6300 181.5400 423.8100 203.1200 4.4580 1.8401 1.5817 -48.9508 38.3502 -1.4473 -3.1535 0.1771
car -1 -1 0.0000 387.6300 181.5400 423.8100 203.1200 4.2437 1.8608 1.5534 73.2333 23.6977 -0.3233 -0.0359 0.1151
truck -1 -1 0.0000 387.6300 181.5400 423.8100 203.1200 8.7802 2.5736 3.3481 -47.3669 -2.2191 1.1585 0.0834 0.6786
truck -1 -1 0.0000 387.6300 181.5400 423.8100 203.1200 5.9121 2.1468 2.0780 -49.8958 38.6389 -1.3379 -3.1886 0.1049
van1 -1 -1 0.0000 387.6300 181.5400 423.8100 203.1200 4.8526 2.0513 2.3472 -11.1219 3.4837 0.5646 0.0082 0.7853
van1 -1 -1 0.0000 387.6300 181.5400 423.8100 203.1200 4.3661 1.9554 1.7618 -49.0019 38.4899 -1.5741 -3.1558 0.2167
van1 -1 -1 0.0000 387.6300 181.5400 423.8100 203.1200 4.3414 1.7724 1.5658 -60.6576 3.6725 -0.1760 -0.0038 0.1213
van1 -1 -1 0.0000 387.6300 181.5400 423.8100 203.1200 4.6851 1.7676 1.8530 -28.8802 13.1192 1.0291 -3.2191 0.1061
barrier -1 -1 0.0000 387.6300 181.5400 423.8100 203.1200 0.5508 0.6544 0.9840 38.8559 -13.2391 0.0740 -0.0501 0.9030
barrier -1 -1 0.0000 387.6300 181.5400 423.8100 203.1200 0.5544 0.6582 0.9787 38.0952 -13.2029 0.0654 -0.0422 0.4398
barrier -1 -1 0.0000 387.6300 181.5400 423.8100 203.1200 0.4705 0.4808 0.9182 67.4136 -13.3581 -0.1843 -2.2738 0.1199
barrier -1 -1 0.0000 387.6300 181.5400 423.8100 203.1200 1.2656 0.6912 0.8365 45.3399 33.1139 -0.9456 1.5490 0.1067
barrier -1 -1 0.0000 387.6300 181.5400 423.8100 203.1200 0.5800 0.6309 0.9109 39.3748 -13.2497 0.0386 -0.0424 0.1026
motorbike -1 -1 0.0000 387.6300 181.5400 423.8100 203.1200 1.7994 0.6714 1.0864 -44.6756 -25.1042 0.5426 0.0649 0.8478
tricycle -1 -1 0.0000 387.6300 181.5400 423.8100 203.1200 2.5850 1.2571 1.4982 -19.3858 -31.3662 1.5445 -1.6397 0.2537
motorbike -1 -1 0.0000 387.6300 181.5400 423.8100 203.1200 2.1863 0.8464 1.3234 54.7050 -4.3777 0.3215 -0.0280 0.2129
tricycle -1 -1 0.0000 387.6300 181.5400 423.8100 203.1200 2.3589 1.1510 1.4317 65.0415 5.2621 0.7124 -3.0604 0.1723
motorbike -1 -1 0.0000 387.6300 181.5400 423.8100 203.1200 1.8253 0.7407 1.0560 29.1024 13.0407 0.1939 -2.6975 0.1716
motorbike -1 -1 0.0000 387.6300 181.5400 423.8100 203.1200 1.6574 0.6805 1.0099 -5.3242 53.2481 -0.9294 -1.5432 0.1709
motorbike -1 -1 0.0000 387.6300 181.5400 423.8100 203.1200 1.7170 0.6886 0.9649 51.7753 13.8704 0.2283 -1.6849 0.1555
motorbike -1 -1 0.0000 387.6300 181.5400 423.8100 203.1200 2.1695 0.9839 1.2533 -63.7147 -36.3848 0.1974 1.4698 0.1523
motorbike -1 -1 0.0000 387.6300 181.5400 423.8100 203.1200 1.6300 0.5661 0.9977 7.5491 59.3801 -1.1362 -2.8175 0.1333
motorbike -1 -1 0.0000 387.6300 181.5400 423.8100 203.1200 1.8844 0.7404 1.1193 -71.0912 -24.4154 0.2516 1.4011 0.1243
motorbike -1 -1 0.0000 387.6300 181.5400 423.8100 203.1200 1.9592 0.8203 1.0332 54.7469 5.9666 0.4855 -0.2667 0.1083
tricycle -1 -1 0.0000 387.6300 181.5400 423.8100 203.1200 2.9074 1.3438 1.4447 -20.2697 -30.9056 1.4897 -2.3544 0.1038
tricycle -1 -1 0.0000 387.6300 181.5400 423.8100 203.1200 3.6696 1.6044 1.5476 -4.9385 69.8818 -1.5713 -3.2040 0.1006
trafficcone -1 -1 0.0000 387.6300 181.5400 423.8100 203.1200 0.2370 0.2437 0.7915 43.6561 -13.2308 0.0248 -3.1435 0.9081
trafficcone -1 -1 0.0000 387.6300 181.5400 423.8100 203.1200 0.2588 0.2658 0.7981 41.8592 -13.3415 0.0240 -3.1433 0.8774
trafficcone -1 -1 0.0000 387.6300 181.5400 423.8100 203.1200 0.2698 0.2729 0.7988 49.2589 -14.1083 0.0311 -3.1542 0.8759
trafficcone -1 -1 0.0000 387.6300 181.5400 423.8100 203.1200 0.2354 0.2440 0.7950 43.6750 -13.7961 0.0442 -3.1543 0.8659
trafficcone -1 -1 0.0000 387.6300 181.5400 423.8100 203.1200 0.2487 0.2514 0.7777 45.4158 -13.1653 0.0128 -3.1392 0.8641
trafficcone -1 -1 0.0000 387.6300 181.5400 423.8100 203.1200 0.2468 0.2507 0.7850 45.4291 -13.9190 0.0262 -3.1539 0.8407
trafficcone -1 -1 0.0000 387.6300 181.5400 423.8100 203.1200 0.2552 0.2550 0.7968 47.3291 -13.9870 0.0191 -3.1606 0.8397
trafficcone -1 -1 0.0000 387.6300 181.5400 423.8100 203.1200 0.2516 0.2506 0.7722 47.3676 -13.1529 0.0064 -3.1467 0.8318
trafficcone -1 -1 0.0000 387.6300 181.5400 423.8100 203.1200 0.2216 0.2161 0.7706 -45.0933 -18.9936 -0.0637 -3.1723 0.8298
trafficcone -1 -1 0.0000 387.6300 181.5400 423.8100 203.1200 0.2301 0.2259 0.7723 41.0009 -3.5102 -0.1133 -3.1471 0.8079
trafficcone -1 -1 0.0000 387.6300 181.5400 423.8100 203.1200 0.1948 0.1893 0.7621 -40.1770 -19.0053 0.0206 -3.0945 0.7974
trafficcone -1 -1 0.0000 387.6300 181.5400 423.8100 203.1200 0.2213 0.2200 0.7773 42.5143 -3.0284 -0.1463 -3.2002 0.7837
trafficcone -1 -1 0.0000 387.6300 181.5400 423.8100 203.1200 0.2262 0.2185 0.7492 44.3407 -3.5315 -0.1100 -3.1615 0.7804
trafficcone -1 -1 0.0000 387.6300 181.5400 423.8100 203.1200 0.1956 0.1915 0.7755 -39.7107 -19.0261 0.0715 -3.1049 0.7580
trafficcone -1 -1 0.0000 387.6300 181.5400 423.8100 203.1200 0.2006 0.1942 0.7519 -42.9739 -19.0239 -0.1060 -3.0649 0.7524
trafficcone -1 -1 0.0000 387.6300 181.5400 423.8100 203.1200 0.2298 0.2256 0.7708 42.3588 -3.8600 -0.1156 -3.1570 0.7426
trafficcone -1 -1 0.0000 387.6300 181.5400 423.8100 203.1200 0.2553 0.2595 0.8024 41.8176 -13.6937 0.0388 -3.1296 0.7388
trafficcone -1 -1 0.0000 387.6300 181.5400 423.8100 203.1200 0.2670 0.2609 0.8093 53.0731 -13.3199 -0.0050 -3.1464 0.7386
trafficcone -1 -1 0.0000 387.6300 181.5400 423.8100 203.1200 0.2638 0.2637 0.7761 49.3254 -13.1994 -0.0002 -3.1346 0.7373
trafficcone -1 -1 0.0000 387.6300 181.5400 423.8100 203.1200 0.2236 0.2321 0.7725 40.3931 -13.3836 -0.0355 -0.2819 0.7224
trafficcone -1 -1 0.0000 387.6300 181.5400 423.8100 203.1200 0.2865 0.2864 0.8133 51.1236 -14.1428 -0.0083 -3.1426 0.7040
trafficcone -1 -1 0.0000 387.6300 181.5400 423.8100 203.1200 0.2834 0.2894 0.8081 51.1182 -13.1938 -0.0207 -3.1073 0.7032
trafficcone -1 -1 0.0000 387.6300 181.5400 423.8100 203.1200 0.2292 0.2370 0.7758 39.6036 -13.2550 0.0000 -0.0685 0.6880
trafficcone -1 -1 0.0000 387.6300 181.5400 423.8100 203.1200 0.2565 0.2480 0.7911 41.2705 -13.4059 -0.0187 -3.1287 0.6870
trafficcone -1 -1 0.0000 387.6300 181.5400 423.8100 203.1200 0.2321 0.2231 0.7741 44.5527 -4.1132 -0.0656 -3.1514 0.6817
trafficcone -1 -1 0.0000 387.6300 181.5400 423.8100 203.1200 0.2174 0.2166 0.7577 44.3962 -3.1533 -0.1439 -3.1890 0.6800
trafficcone -1 -1 0.0000 387.6300 181.5400 423.8100 203.1200 0.1994 0.1884 0.7478 -41.7733 -18.9432 -0.0865 -3.0708 0.6460
trafficcone -1 -1 0.0000 387.6300 181.5400 423.8100 203.1200 0.2314 0.2188 0.7605 40.3394 -3.4309 -0.1309 -3.1477 0.6266
trafficcone -1 -1 0.0000 387.6300 181.5400 423.8100 203.1200 0.2264 0.2199 0.7792 42.3281 -3.0285 -0.1328 -3.1664 0.6052
trafficcone -1 -1 0.0000 387.6300 181.5400 423.8100 203.1200 0.2573 0.2550 0.7712 48.4827 -13.1160 0.0026 -3.1351 0.5964
trafficcone -1 -1 0.0000 387.6300 181.5400 423.8100 203.1200 0.1973 0.1882 0.7455 -41.4645 -18.9638 -0.0576 -3.0877 0.5838
trafficcone -1 -1 0.0000 387.6300 181.5400 423.8100 203.1200 0.2413 0.2419 0.7803 45.8493 -3.1435 -0.1061 -3.1811 0.5815
trafficcone -1 -1 0.0000 387.6300 181.5400 423.8100 203.1200 0.2506 0.2461 0.7674 45.7030 -13.1633 -0.0018 -3.1474 0.5783
trafficcone -1 -1 0.0000 387.6300 181.5400 423.8100 203.1200 0.2454 0.2412 0.7664 45.9448 -3.3594 -0.0761 -3.1555 0.5750
trafficcone -1 -1 0.0000 387.6300 181.5400 423.8100 203.1200 0.2447 0.2442 0.7789 47.1139 -13.9664 0.0213 -3.1563 0.5714
trafficcone -1 -1 0.0000 387.6300 181.5400 423.8100 203.1200 0.2467 0.2464 0.7735 45.7089 -13.9305 0.0123 -3.1459 0.5681
trafficcone -1 -1 0.0000 387.6300 181.5400 423.8100 203.1200 0.2733 0.2674 0.8124 52.6359 -13.2320 -0.0217 -3.1481 0.5603
trafficcone -1 -1 0.0000 387.6300 181.5400 423.8100 203.1200 0.2526 0.2503 0.7616 47.5232 -3.2348 -0.1058 -3.1818 0.5515
trafficcone -1 -1 0.0000 387.6300 181.5400 423.8100 203.1200 0.2454 0.2420 0.7666 47.0951 -13.1637 0.0042 -3.1300 0.5424
trafficcone -1 -1 0.0000 387.6300 181.5400 423.8100 203.1200 0.2744 0.2716 0.7982 49.7514 -13.1861 0.0047 -3.1527 0.5373
trafficcone -1 -1 0.0000 387.6300 181.5400 423.8100 203.1200 0.2584 0.2548 0.7812 46.6665 -4.3499 -0.0291 -3.1696 0.5305
trafficcone -1 -1 0.0000 387.6300 181.5400 423.8100 203.1200 0.2684 0.2601 0.7736 49.1999 -4.5603 -0.0638 -3.1579 0.5196
trafficcone -1 -1 0.0000 387.6300 181.5400 423.8100 203.1200 0.2847 0.2748 0.7986 51.3839 -3.1343 -0.1203 -3.1600 0.5089
trafficcone -1 -1 0.0000 387.6300 181.5400 423.8100 203.1200 0.2311 0.2273 0.7903 41.1434 -3.1551 -0.1368 -3.1580 0.4900
trafficcone -1 -1 0.0000 387.6300 181.5400 423.8100 203.1200 0.2044 0.1974 0.7705 -38.9508 -19.0552 0.0739 -3.0894 0.4865
trafficcone -1 -1 0.0000 387.6300 181.5400 423.8100 203.1200 0.2318 0.2257 0.7680 45.2306 -3.1276 -0.1309 -3.1832 0.4843
trafficcone -1 -1 0.0000 387.6300 181.5400 423.8100 203.1200 0.2672 0.2616 0.7746 48.4684 -4.5064 -0.0505 -3.1580 0.4802
trafficcone -1 -1 0.0000 387.6300 181.5400 423.8100 203.1200 0.2505 0.2455 0.7889 46.2092 -4.2476 -0.0393 -3.1476 0.4685
trafficcone -1 -1 0.0000 387.6300 181.5400 423.8100 203.1200 0.2351 0.2247 0.7570 45.1398 -3.4450 -0.1059 -3.1934 0.4676
trafficcone -1 -1 0.0000 387.6300 181.5400 423.8100 203.1200 0.3041 0.2826 0.8399 53.2952 -4.5315 -0.0081 -3.1619 0.4674
trafficcone -1 -1 0.0000 387.6300 181.5400 423.8100 203.1200 0.2049 0.1992 0.7573 -43.3355 -19.0000 -0.1092 -3.0817 0.4644
trafficcone -1 -1 0.0000 387.6300 181.5400 423.8100 203.1200 0.2353 0.2242 0.7369 43.8176 -3.5420 -0.1353 -3.1712 0.4597
trafficcone -1 -1 0.0000 387.6300 181.5400 423.8100 203.1200 0.2809 0.2633 0.7907 53.1692 -3.3261 -0.0127 -3.1561 0.4592
trafficcone -1 -1 0.0000 387.6300 181.5400 423.8100 203.1200 0.2340 0.2265 0.7767 44.9498 -4.1847 -0.0619 -3.1617 0.4444
trafficcone -1 -1 0.0000 387.6300 181.5400 423.8100 203.1200 0.2782 0.2694 0.8229 53.1477 -13.7967 0.0420 -3.1818 0.4274
trafficcone -1 -1 0.0000 387.6300 181.5400 423.8100 203.1200 0.2334 0.2653 0.8098 38.9603 -13.2606 0.0550 -0.0673 0.4203
trafficcone -1 -1 0.0000 387.6300 181.5400 423.8100 203.1200 0.2171 0.2055 0.7505 39.9270 -3.4143 -0.1085 -3.1356 0.4162
trafficcone -1 -1 0.0000 387.6300 181.5400 423.8100 203.1200 0.2542 0.2466 0.7900 41.3012 -13.6591 0.0067 -3.0485 0.4063
trafficcone -1 -1 0.0000 387.6300 181.5400 423.8100 203.1200 0.2625 0.2615 0.7939 48.5349 -14.0174 0.0145 -3.1560 0.3813
trafficcone -1 -1 0.0000 387.6300 181.5400 423.8100 203.1200 0.2665 0.2639 0.7772 47.6250 -4.4082 -0.0732 -3.1752 0.3807
trafficcone -1 -1 0.0000 387.6300 181.5400 423.8100 203.1200 0.2274 0.2207 0.7497 43.7357 -3.0953 -0.1602 -3.1945 0.3557
trafficcone -1 -1 0.0000 387.6300 181.5400 423.8100 203.1200 0.2785 0.2612 0.7966 50.9076 -3.1246 -0.1667 -3.1403 0.3472
trafficcone -1 -1 0.0000 387.6300 181.5400 423.8100 203.1200 0.2366 0.2310 0.7674 -46.7949 -18.9128 -0.0711 -3.1821 0.3416
trafficcone -1 -1 0.0000 387.6300 181.5400 423.8100 203.1200 0.2570 0.2504 0.7662 46.7939 -3.4923 -0.0926 -3.1718 0.3406
trafficcone -1 -1 0.0000 387.6300 181.5400 423.8100 203.1200 0.2298 0.2196 0.7759 -45.0843 -19.2076 -0.0809 -3.1057 0.3294
trafficcone -1 -1 0.0000 387.6300 181.5400 423.8100 203.1200 0.2151 0.2051 0.7694 -44.6123 -18.9894 -0.0816 -3.1332 0.3250
trafficcone -1 -1 0.0000 387.6300 181.5400 423.8100 203.1200 0.2444 0.2392 0.7740 44.2200 -13.1609 0.0044 -3.1464 0.3093
trafficcone -1 -1 0.0000 387.6300 181.5400 423.8100 203.1200 0.2769 0.2652 0.7975 50.0329 -3.3747 -0.1383 -3.1274 0.2890
trafficcone -1 -1 0.0000 387.6300 181.5400 423.8100 203.1200 0.2439 0.2393 0.7798 44.2541 -13.8637 0.0166 -3.1457 0.2778
trafficcone -1 -1 0.0000 387.6300 181.5400 423.8100 203.1200 0.2802 0.2703 0.7776 52.4668 -5.0035 0.0230 -3.2244 0.2757
trafficcone -1 -1 0.0000 387.6300 181.5400 423.8100 203.1200 0.2339 0.2351 0.7723 40.5287 -13.6117 -0.0027 -1.4562 0.2672
trafficcone -1 -1 0.0000 387.6300 181.5400 423.8100 203.1200 0.3775 0.3375 0.9945 54.0287 -4.4293 0.1536 -3.1770 0.2655
trafficcone -1 -1 0.0000 387.6300 181.5400 423.8100 203.1200 0.2690 0.2619 0.7775 49.7479 -4.4636 -0.0902 -3.1446 0.2631
trafficcone -1 -1 0.0000 387.6300 181.5400 423.8100 203.1200 0.2820 0.2707 0.7861 49.3288 -3.6218 -0.1236 -3.1508 0.2585
trafficcone -1 -1 0.0000 387.6300 181.5400 423.8100 203.1200 0.2096 0.1980 0.7608 -42.9719 -19.1754 -0.0950 -3.0607 0.2579
pedestrian -1 -1 0.0000 387.6300 181.5400 423.8100 203.1200 0.4093 0.3572 1.2400 -34.5691 -22.9227 0.3874 -3.3052 0.2509
trafficcone -1 -1 0.0000 387.6300 181.5400 423.8100 203.1200 0.2841 0.2733 0.7945 53.1190 -4.8704 0.0776 -3.2067 0.2400
trafficcone -1 -1 0.0000 387.6300 181.5400 423.8100 203.1200 0.2655 0.2547 0.7659 49.2286 -4.8161 -0.0145 -3.1950 0.2357
trafficcone -1 -1 0.0000 387.6300 181.5400 423.8100 203.1200 0.2787 0.2760 0.8152 49.6836 -14.0253 -0.0022 -3.1653 0.2280
trafficcone -1 -1 0.0000 387.6300 181.5400 423.8100 203.1200 0.2695 0.2578 0.7951 50.1296 -3.1028 -0.1574 -3.1544 0.2273
trafficcone -1 -1 0.0000 387.6300 181.5400 423.8100 203.1200 0.2547 0.2486 0.7758 46.8444 -3.0942 -0.1291 -3.1826 0.2212
trafficcone -1 -1 0.0000 387.6300 181.5400 423.8100 203.1200 0.2737 0.2653 0.7786 48.2386 -3.5444 -0.1158 -3.1598 0.2186
trafficcone -1 -1 0.0000 387.6300 181.5400 423.8100 203.1200 0.2409 0.2385 0.7743 42.9228 -13.2394 -0.0127 -3.1476 0.2158
