car -1 -1 0.0000 387.6300 181.5400 423.8100 203.1200 4.2560 1.8059 1.4326 -25.9283 -8.6282 0.2210 -0.0217 0.9440
car -1 -1 0.0000 387.6300 181.5400 423.8100 203.1200 4.2934 1.8824 1.6522 -18.4578 -4.3464 0.2905 -0.0251 0.7367
car -1 -1 0.0000 387.6300 181.5400 423.8100 203.1200 4.3015 1.7673 1.5074 -36.2867 -1.9167 0.1071 0.1573 0.7085
car -1 -1 0.0000 387.6300 181.5400 423.8100 203.1200 4.3444 1.8257 1.5420 -61.2421 3.4704 0.1187 0.0718 0.7078
car -1 -1 0.0000 387.6300 181.5400 423.8100 203.1200 4.3931 1.8025 1.5484 11.3706 21.4087 -0.0431 -3.2015 0.2072
car -1 -1 0.0000 387.6300 181.5400 423.8100 203.1200 4.2997 1.7902 1.5187 -36.1731 -0.6633 0.0901 -0.2048 0.1988
car -1 -1 0.0000 387.6300 181.5400 423.8100 203.1200 4.2837 1.8496 1.5483 -51.5068 38.6201 -1.5101 -3.1055 0.1510
car -1 -1 0.0000 387.6300 181.5400 423.8100 203.1200 4.3079 1.8026 1.5414 -59.5557 -6.0026 -0.0387 0.1326 0.1141
truck -1 -1 0.0000 387.6300 181.5400 423.8100 203.1200 8.4469 2.5841 3.3342 -47.7407 -2.1372 1.1470 0.0860 0.7831
van1 -1 -1 0.0000 387.6300 181.5400 423.8100 203.1200 4.9411 2.0301 2.3108 -11.3014 3.4739 0.5593 -0.0052 0.8664
van1 -1 -1 0.0000 387.6300 181.5400 423.8100 203.1200 4.2096 1.6818 1.4941 10.9519 21.4205 0.0240 -3.1859 0.1044
van1 -1 -1 0.0000 387.6300 181.5400 423.8100 203.1200 4.5011 1.8950 1.7184 66.8519 7.5004 0.8714 0.0923 0.1016
bus -1 -1 0.0000 387.6300 181.5400 423.8100 203.1200 7.0526 2.0625 1.8631 -68.3199 60.2273 -1.2590 -1.6528 0.1085
bus -1 -1 0.0000 387.6300 181.5400 423.8100 203.1200 8.6856 2.5980 2.8273 -37.3091 -30.8093 1.8062 1.5368 0.1058
barrier -1 -1 0.0000 387.6300 181.5400 423.8100 203.1200 0.5780 0.6503 0.9601 37.3920 -13.1281 0.0687 -0.0385 0.8564
barrier -1 -1 0.0000 387.6300 181.5400 423.8100 203.1200 0.5911 0.6449 0.9520 36.5568 -13.1101 0.0600 -0.0139 0.2821
barrier -1 -1 0.0000 387.6300 181.5400 423.8100 203.1200 0.4941 0.4500 0.8048 55.0184 -20.2199 -0.0582 -4.4448 0.1013
motorbike -1 -1 0.0000 387.6300 181.5400 423.8100 203.1200 1.8476 0.6863 1.1863 -46.0517 -25.2483 0.5864 0.1587 0.8039
motorbike -1 -1 0.0000 387.6300 181.5400 423.8100 203.1200 1.7033 0.6311 1.0668 50.1762 14.0298 0.1871 -1.5323 0.3634
motorbike -1 -1 0.0000 387.6300 181.5400 423.8100 203.1200 1.6392 0.6298 0.9256 43.7346 13.7292 0.0738 -3.0124 0.3397
motorbike -1 -1 0.0000 387.6300 181.5400 423.8100 203.1200 1.7955 0.6885 1.1053 -6.7959 53.4076 -0.9854 -1.7206 0.2531
motorbike -1 -1 0.0000 387.6300 181.5400 423.8100 203.1200 1.9564 0.9433 1.1159 -49.8164 38.1539 -1.6848 -1.8995 0.2382
motorbike -1 -1 0.0000 387.6300 181.5400 423.8100 203.1200 1.8569 0.7450 1.1089 10.0298 21.2053 -0.0575 -3.1289 0.2048
tricycle -1 -1 0.0000 387.6300 181.5400 423.8100 203.1200 2.4977 1.1820 1.4309 63.4642 5.2584 0.6332 -3.1723 0.1721
motorbike -1 -1 0.0000 387.6300 181.5400 423.8100 203.1200 1.9237 0.7635 1.0643 27.7234 13.0438 0.2031 -2.6578 0.1685
tricycle -1 -1 0.0000 387.6300 181.5400 423.8100 203.1200 2.9276 1.0559 1.3731 -4.4289 14.2017 0.0422 0.0648 0.1446
motorbike -1 -1 0.0000 387.6300 181.5400 423.8100 203.1200 1.9601 0.8129 1.2571 53.1269 -4.3449 0.2435 -0.0603 0.1350
motorbike -1 -1 0.0000 387.6300 181.5400 423.8100 203.1200 1.6084 0.5620 1.1608 -36.6880 -24.2736 0.6035 -1.4698 0.1154
motorbike -1 -1 0.0000 387.6300 181.5400 423.8100 203.1200 1.3894 0.3771 0.9630 -0.4721 -13.9949 -0.0568 -4.6511 0.1049
trafficcone -1 -1 0.0000 387.6300 181.5400 423.8100 203.1200 0.2325 0.2376 0.7834 40.4363 -13.2255 -0.0023 -3.1346 0.9053
trafficcone -1 -1 0.0000 387.6300 181.5400 423.8100 203.1200 0.2321 0.2345 0.7659 44.1985 -13.1126 0.0041 -3.1358 0.8932
trafficcone -1 -1 0.0000 387.6300 181.5400 423.8100 203.1200 0.2434 0.2450 0.7640 46.1258 -13.1251 0.0178 -3.1494 0.8890
trafficcone -1 -1 0.0000 387.6300 181.5400 423.8100 203.1200 0.2583 0.2681 0.7887 47.8472 -13.9885 0.0128 -3.1682 0.8480
trafficcone -1 -1 0.0000 387.6300 181.5400 423.8100 203.1200 0.2193 0.2167 0.7609 40.9623 -3.7841 -0.0936 -3.1229 0.8464
trafficcone -1 -1 0.0000 387.6300 181.5400 423.8100 203.1200 0.2636 0.2622 0.7942 49.7271 -13.1980 -0.0092 -3.1489 0.8454
trafficcone -1 -1 0.0000 387.6300 181.5400 423.8100 203.1200 0.2163 0.2261 0.7816 42.1996 -13.7552 0.0121 -3.1507 0.8390
trafficcone -1 -1 0.0000 387.6300 181.5400 423.8100 203.1200 0.2180 0.2238 0.7685 42.1908 -13.1677 -0.0145 -3.1505 0.8356
trafficcone -1 -1 0.0000 387.6300 181.5400 423.8100 203.1200 0.1891 0.1855 0.7626 -41.3603 -19.0747 0.1440 -3.1030 0.8103
trafficcone -1 -1 0.0000 387.6300 181.5400 423.8100 203.1200 0.2044 0.2035 0.7433 42.7190 -3.0824 -0.1445 -3.1740 0.8080
trafficcone -1 -1 0.0000 387.6300 181.5400 423.8100 203.1200 0.2610 0.2642 0.7721 47.9094 -13.0908 -0.0220 -3.1476 0.8027
trafficcone -1 -1 0.0000 387.6300 181.5400 423.8100 203.1200 0.2671 0.2641 0.8062 49.7073 -14.0797 0.0099 -3.1489 0.7905
trafficcone -1 -1 0.0000 387.6300 181.5400 423.8100 203.1200 0.2278 0.2221 0.7693 39.5519 -3.4129 -0.1286 -3.1145 0.7760
trafficcone -1 -1 0.0000 387.6300 181.5400 423.8100 203.1200 0.2150 0.2131 0.7602 41.0125 -2.9694 -0.1214 -3.1605 0.7570
trafficcone -1 -1 0.0000 387.6300 181.5400 423.8100 203.1200 0.2036 0.2057 0.7813 38.9810 -13.2946 -0.0373 -0.1045 0.7441
trafficcone -1 -1 0.0000 387.6300 181.5400 423.8100 203.1200 0.1903 0.1849 0.7553 -41.7277 -19.0470 0.0815 -3.0883 0.7399
trafficcone -1 -1 0.0000 387.6300 181.5400 423.8100 203.1200 0.2377 0.2437 0.7722 46.2181 -13.8860 0.0089 -3.1554 0.7287
trafficcone -1 -1 0.0000 387.6300 181.5400 423.8100 203.1200 0.2656 0.2630 0.8144 51.8067 -13.2018 -0.0430 -3.1479 0.7121
trafficcone -1 -1 0.0000 387.6300 181.5400 423.8100 203.1200 0.2318 0.2361 0.7619 45.0074 -13.8816 0.0168 -3.1541 0.7098
trafficcone -1 -1 0.0000 387.6300 181.5400 423.8100 203.1200 0.2268 0.2301 0.7652 44.5355 -13.8107 0.0051 -3.1514 0.7091
trafficcone -1 -1 0.0000 387.6300 181.5400 423.8100 203.1200 0.2300 0.2233 0.7476 44.2507 -3.6178 -0.1135 -3.1609 0.7006
trafficcone -1 -1 0.0000 387.6300 181.5400 423.8100 203.1200 0.2003 0.1892 0.7394 -43.0512 -19.0292 0.0666 -3.0864 0.6917
trafficcone -1 -1 0.0000 387.6300 181.5400 423.8100 203.1200 0.2317 0.2244 0.7778 39.5005 -13.3269 -0.0423 -3.0616 0.6867
trafficcone -1 -1 0.0000 387.6300 181.5400 423.8100 203.1200 0.2149 0.2103 0.7452 42.7520 -3.3946 -0.1173 -3.1531 0.6726
trafficcone -1 -1 0.0000 387.6300 181.5400 423.8100 203.1200 0.2637 0.2635 0.8214 51.7420 -13.8252 -0.0006 -3.2071 0.6686
trafficcone -1 -1 0.0000 387.6300 181.5400 423.8100 203.1200 0.2340 0.2355 0.7501 46.0478 -3.0767 -0.1256 -3.1701 0.6653
trafficcone -1 -1 0.0000 387.6300 181.5400 423.8100 203.1200 0.2278 0.2268 0.7595 42.5181 -13.1227 -0.0151 -3.1530 0.6474
trafficcone -1 -1 0.0000 387.6300 181.5400 423.8100 203.1200 0.2205 0.2202 0.7496 44.2912 -3.0930 -0.1377 -3.1688 0.6467
trafficcone -1 -1 0.0000 387.6300 181.5400 423.8100 203.1200 0.2291 0.2348 0.7879 40.3390 -13.6802 0.0174 -3.1254 0.6381
trafficcone -1 -1 0.0000 387.6300 181.5400 423.8100 203.1200 0.2274 0.2276 0.7599 43.8700 -13.1649 -0.0001 -3.1530 0.6286
trafficcone -1 -1 0.0000 387.6300 181.5400 423.8100 203.1200 0.2322 0.2173 0.7483 38.5942 -3.3408 -0.1517 -3.0991 0.6185
trafficcone -1 -1 0.0000 387.6300 181.5400 423.8100 203.1200 0.2667 0.2679 0.7829 48.0937 -13.1025 -0.0242 -3.1614 0.6015
trafficcone -1 -1 0.0000 387.6300 181.5400 423.8100 203.1200 0.2326 0.2241 0.7689 44.2928 -4.1081 -0.0672 -3.1356 0.5862
trafficcone -1 -1 0.0000 387.6300 181.5400 423.8100 203.1200 0.2760 0.2612 0.8089 52.2921 -3.2926 -0.0081 -3.1450 0.5402
trafficcone -1 -1 0.0000 387.6300 181.5400 423.8100 203.1200 0.2629 0.2657 0.7903 49.5108 -13.1340 -0.0353 -3.1364 0.5231
trafficcone -1 -1 0.0000 387.6300 181.5400 423.8100 203.1200 0.2379 0.2266 0.7618 -46.4970 -19.0167 0.0614 -3.2258 0.5230
trafficcone -1 -1 0.0000 387.6300 181.5400 423.8100 203.1200 0.2443 0.2399 0.7475 45.2488 -3.5965 -0.1186 -3.1471 0.5203
trafficcone -1 -1 0.0000 387.6300 181.5400 423.8100 203.1200 0.2724 0.2628 0.8105 52.0430 -13.1676 -0.0068 -3.1584 0.5201
trafficcone -1 -1 0.0000 387.6300 181.5400 423.8100 203.1200 0.2413 0.2357 0.7693 45.2061 -4.1817 -0.0700 -3.1399 0.5137
trafficcone -1 -1 0.0000 387.6300 181.5400 423.8100 203.1200 0.2137 0.2066 0.7413 43.6483 -3.0311 -0.1452 -3.1760 0.5086
trafficcone -1 -1 0.0000 387.6300 181.5400 423.8100 203.1200 0.2441 0.2424 0.7509 45.9778 -3.3945 -0.1139 -3.1456 0.5086
trafficcone -1 -1 0.0000 387.6300 181.5400 423.8100 203.1200 0.2354 0.2338 0.7501 45.2462 -3.0704 -0.1388 -3.1748 0.5077
trafficcone -1 -1 0.0000 387.6300 181.5400 423.8100 203.1200 0.2518 0.2537 0.7833 46.5548 -13.9842 0.0086 -3.1366 0.5076
trafficcone -1 -1 0.0000 387.6300 181.5400 423.8100 203.1200 0.2634 0.2596 0.7661 48.1924 -3.2640 -0.1594 -3.1556 0.5044
trafficcone -1 -1 0.0000 387.6300 181.5400 423.8100 203.1200 0.2209 0.2251 0.7685 43.6319 -13.8328 0.0071 -3.1658 0.4945
trafficcone -1 -1 0.0000 387.6300 181.5400 423.8100 203.1200 0.2460 0.2429 0.7483 47.6849 -3.0979 -0.1591 -3.1629 0.4701
trafficcone -1 -1 0.0000 387.6300 181.5400 423.8100 203.1200 0.2727 0.2627 0.7848 49.0313 -4.6258 -0.1273 -3.1691 0.4460
trafficcone -1 -1 0.0000 387.6300 181.5400 423.8100 203.1200 0.2263 0.2269 0.7651 42.6060 -13.7792 0.0083 -3.1487 0.4425
trafficcone -1 -1 0.0000 387.6300 181.5400 423.8100 203.1200 0.2394 0.2389 0.7466 46.7224 -3.0677 -0.1481 -3.1763 0.4384
trafficcone -1 -1 0.0000 387.6300 181.5400 423.8100 203.1200 0.2166 0.2048 0.7416 42.1859 -2.9618 -0.1402 -3.1851 0.4355
trafficcone -1 -1 0.0000 387.6300 181.5400 423.8100 203.1200 0.2001 0.2195 0.7711 37.8315 -13.1807 -0.0008 -0.0675 0.4344
trafficcone -1 -1 0.0000 387.6300 181.5400 423.8100 203.1200 0.2757 0.2630 0.7859 49.8719 -3.2962 -0.1150 -3.1624 0.4249
trafficcone -1 -1 0.0000 387.6300 181.5400 423.8100 203.1200 0.2578 0.2527 0.7550 47.7063 -3.2871 -0.1517 -3.1831 0.4244
trafficcone -1 -1 0.0000 387.6300 181.5400 423.8100 203.1200 0.2261 0.2150 0.7418 43.7276 -3.5556 -0.1193 -3.1558 0.4210
trafficcone -1 -1 0.0000 387.6300 181.5400 423.8100 203.1200 0.2598 0.2590 0.8090 50.8506 -13.2235 -0.0294 -3.1508 0.4199
trafficcone -1 -1 0.0000 387.6300 181.5400 423.8100 203.1200 0.2690 0.2704 0.8011 48.0478 -14.0144 0.0026 -3.1551 0.4114
trafficcone -1 -1 0.0000 387.6300 181.5400 423.8100 203.1200 0.3304 0.3169 0.9401 52.2502 -4.4014 0.0835 -3.1866 0.4086
trafficcone -1 -1 0.0000 387.6300 181.5400 423.8100 203.1200 0.2311 0.2218 0.7796 39.5648 -3.1450 -0.1310 -3.1284 0.4054
trafficcone -1 -1 0.0000 387.6300 181.5400 423.8100 203.1200 0.2790 0.2723 0.8321 52.2014 -13.8572 0.0484 -3.1982 0.3864
trafficcone -1 -1 0.0000 387.6300 181.5400 423.8100 203.1200 0.2560 0.2495 0.7723 46.5319 -13.1714 -0.0066 -3.1409 0.3856
trafficcone -1 -1 0.0000 387.6300 181.5400 423.8100 203.1200 0.1957 0.1898 0.7701 -40.5250 -19.1060 0.2257 -3.0916 0.3846
trafficcone -1 -1 0.0000 387.6300 181.5400 423.8100 203.1200 0.2076 0.1940 0.7447 -43.2413 -19.0161 0.0616 -3.0851 0.3774
trafficcone -1 -1 0.0000 387.6300 181.5400 423.8100 203.1200 0.2278 0.2219 0.7629 41.1570 -13.1016 -0.0290 -3.1506 0.3734
trafficcone -1 -1 0.0000 387.6300 181.5400 423.8100 203.1200 0.2333 0.2198 0.7655 -46.3238 -18.9931 0.0551 -3.1432 0.3612
trafficcone -1 -1 0.0000 387.6300 181.5400 423.8100 203.1200 0.2487 0.2468 0.7539 46.7400 -3.3389 -0.1287 -3.1487 0.3495
trafficcone -1 -1 0.0000 387.6300 181.5400 423.8100 203.1200 0.2691 0.2630 0.7824 48.6467 -4.5158 -0.1409 -3.1453 0.3477
trafficcone -1 -1 0.0000 387.6300 181.5400 423.8100 203.1200 0.2302 0.2239 0.7710 39.5895 -13.6673 -0.0051 -2.9039 0.3339
trafficcone -1 -1 0.0000 387.6300 181.5400 423.8100 203.1200 0.2295 0.2148 0.7661 40.6532 -2.9538 -0.1318 -3.1316 0.3186
trafficcone -1 -1 0.0000 387.6300 181.5400 423.8100 203.1200 0.2321 0.2186 0.7609 40.6561 -3.7760 -0.1335 -3.1294 0.3175
trafficcone -1 -1 0.0000 387.6300 181.5400 423.8100 203.1200 0.2451 0.2405 0.7617 45.2054 -13.2203 -0.0026 -3.1516 0.3151
trafficcone -1 -1 0.0000 387.6300 181.5400 423.8100 203.1200 0.2474 0.2430 0.7698 45.8073 -4.1735 -0.0817 -3.1367 0.3072
trafficcone -1 -1 0.0000 387.6300 181.5400 423.8100 203.1200 0.2815 0.2664 0.7871 49.3500 -3.3678 -0.1562 -3.1635 0.3066
trafficcone -1 -1 0.0000 387.6300 181.5400 423.8100 203.1200 0.3553 0.3126 0.9819 53.0633 -4.2788 0.2231 -3.1908 0.3006
pedestrian -1 -1 0.0000 387.6300 181.5400 423.8100 203.1200 0.8143 0.6678 1.3181 50.1978 13.8576 0.2090 -2.2986 0.2981
trafficcone -1 -1 0.0000 387.6300 181.5400 423.8100 203.1200 0.2301 0.2152 0.7648 43.8407 -4.1466 -0.0760 -3.1378 0.2794
trafficcone -1 -1 0.0000 387.6300 181.5400 423.8100 203.1200 0.2686 0.2529 0.7725 51.6485 -3.1271 -0.0685 -3.1424 0.2760
trafficcone -1 -1 0.0000 387.6300 181.5400 423.8100 203.1200 0.2154 0.2057 0.7583 -44.4623 -19.0113 0.0275 -3.0944 0.2699
trafficcone -1 -1 0.0000 387.6300 181.5400 423.8100 203.1200 0.2254 0.2165 0.7734 40.9772 -3.9881 -0.0764 -3.1043 0.2685
trafficcone -1 -1 0.0000 387.6300 181.5400 423.8100 203.1200 0.2272 0.2168 0.7625 -45.0988 -18.9850 0.0223 -3.0946 0.2646
trafficcone -1 -1 0.0000 387.6300 181.5400 423.8100 203.1200 0.2371 0.2278 0.7481 -46.6015 -19.2558 0.0590 -3.2105 0.2584
trafficcone -1 -1 0.0000 387.6300 181.5400 423.8100 203.1200 0.2263 0.2151 0.7624 42.8140 -4.1404 -0.0842 -3.1313 0.2548
trafficcone -1 -1 0.0000 387.6300 181.5400 423.8100 203.1200 0.2158 0.2119 0.7762 39.0300 -13.6555 -0.0001 -0.2566 0.2527
trafficcone -1 -1 0.0000 387.6300 181.5400 423.8100 203.1200 0.2806 0.2572 0.7922 51.7676 -3.3049 -0.0783 -3.1423 0.2522
